1170
1380
1590
1800
2010
2230
2440
2650
2860
3070
3290
3600
4030
4450
4880
5300
5720
6150
6570
7000
7420
7840
8270
8690
9120
9540
9960
10390
10790
11200
11600
12000
12400
12800
13210
13610
14010
14410
14820
15220
15620
16020
16420
16830
17230
17630
18030
18440
18890
20100
20790
21470
22150
22840
23520
24210
24890
25580
26260
26950
27630
28320
29000
29680
30370
31050
31980
33690
35400
37110
38830
40540
42250
43960
45670
47380
49090
50810
52520
54230
55940
57650
59360
61070
62790
64500
66300
68110
69920
71720
73530
75330
77140
78950
80750
82560
84360
86170
88060
90640
93220
95800
98380
100960
103540
106120
108700
111280
113860
116440
119020
121600
124180
126760
129340
131920
134500
137080
139660
142240
144820
147400
149980
152560
155140
157720
160300
162880
165460
168040
170620
173200
175780
178360
180940
183520
186100
188680
191260
193840
196420
199000
201580
204160
206740
209320
211900
214480
217060
219640
222220
224800
227380
255850
260990
263630
266270
268910
271550
274190
276830
279470
282110
284750
287390
290030
292670
295310
297950
300590
303230
305870
308510
311150
313790
316430
319070
321710
324350
326990
329630
332270
334910
337550
340190
342830
345470
348110
350750
353390
356030
358670
361310
363950
366590
369230
371870
374510
377150
379790
382430
385070
387710
390350
392990
395630
398270
400910
403550
406190
408830
411470
414110
416750
419390
422030
424670
427310
429950
432590
435230
437870
440510
443150
447260
451480
455710
459930
464160
468380
472600
476830
481050
485280
489500
493720
497950
502170
506400
510620
514840
519070
523290
527520
531740
535960
540190
544410
548640
552860
557080
561310
565530
569760
573980
578200
582430
586650
590880
595100
599320
603550
607770
612000
616220
620440
624670
628890
633120
637340
641560
645790
650010
654240
658460
662680
666910
671130
675480
679840
684210
688580
692950
697320
701680
706050
710420
714790
719160
723520
727890
732260
736630
741000
745360
749730
754100
758470
762840
767200
771570
775940
780310
784680
789040
793410
797780
802150
806520
810880
815250
819620
823990
828360
832720
837090
841460
845830
850200
854560
858930
863300
867670
872040
876400
880770
885140
889510
893880
898240
902610
906980
911350
915720
920080
924450
928820
933190
937560
941920
946290
950660
955030
959400
963760
968130
972500
976870
981240
985600
989970
994340
998710
1003080
1007440
1011810
1016180
1020550
1024920
1029280
1033650
1035840