1080
1500
1930
2350
2770
3200
3620
4040
4470
4890
5320
5740
6160
6590
7010
7420
7820
8220
8620
9030
9430
9830
10230
10640
11040
11440
11840
12250
12650
13050
13450
13850
14260
14660
15060
15460
16240
16680
17120
17560
18000
18440
18960
19640
20330
21010
21700
22380
23070
23750
24430
25120
25800
26490
27170
27860
28540
29230
29910
30600
31280
32550
34260
35970
37680
39390
41100
42820
44530
46240
47950
49660
51370
53180
54980
56790
58600
60400
62210
64010
65820
67630
69430
71240
73040
74850
76660
78460
80270
82070
83880
85690
87490
89950
92530
95110
97690
100270
102850
105430
108010
110590
113170
115750
118330
120910
123490
126070
128650
131230
133810
136390
138970
141550
144130
146710
149290
151870
154450
157030
159610
162190
164770
167350
169930
172510
175090
177670
180250
182830
185410
187990
190570
193150
195730
198310
200890
203470
206050
208630
237100
242240
244880
247520
250160
252800
255440
258080
260720
263360
266000
268640
271280
273920
276560
279200
281840
284480
287120
289760
292400
295040
297680
300320
302960
305600
308240
310880
313520
316160
318800
321440
324080
326720
329360
332000
334640
337280
339920
342560
345200
347840
350480
353120
355760
358400
361040
363680
366320
368960
371600
374240
376880
379520
382160
384800
387440
390080
392720
395360
398000
400640
403280
405920
408560
411200
413840
416480
419120
421760
424400
427040
429680
432320
434960
437600
440240
442880
446830
451050
455280
459500
463720
467950
472170
476400
480620
484840
489070
493290
497520
501740
505960
510190
514410
518640
522860
527080
531310
535530
539760
543980
548200
552430
556650
560880
565100
569320
573550
577770
582000
586220
590440
594670
598890
603120
607340
611560
615790
620010
624240
628460
632680
636910
641130
645480
649840
654210
658580
662950
667320
671680
676050
680420
684790
689160
693520
697890
702260
706630
711000
715360
719730
724100
728470
732840
737200
741570
745940
750310
754680
759040
763410
767780
772150
776520
780880
785250
789620
793990
798360
802720
807090
811460
815830
820200
824560
828930
833300
837670
842040
846400
850770
855140
859510
863880
868240
872610
876980
881350
885720
890080
894450
898820
903190
907560
911920
916290
920660
925030
929400
933760
938130
942500
946870
951240
955600
959970
964340
968710
973080
977440
981810
986180
990550
994920
999280
1003650
1005840