1040
1110
1180
1250
1320
1390
1460
1530
1600
1670
1740
1810
1880
1950
2020
2090
2160
2230
2300
2370
2440
2500
2570
2640
2710
2780
2850
2920
2990
3060
3130
3200
3270
3340
3410
3480
3550
3620
3700
3810
3910
4010
4120
4220
4320
4430
4530
4630
4740
4840
4940
5050
5150
5250
5360
5460
5560
5670
5770
5870
5980
6080
6180
6290
6390
6490
6600
6700
6800
6910
7010
7110
7210
7320
7420
7520
7630
7730
7830
7940
8040
8140
8250
8350
8450
8560
8660
8760
8920
9120
9330
9540
9740
9950
10160
10360
10570
10780
10980
11190
11400
11600
11810
12020
12220
12430
12640
12840
13050
13260
13460
13670
13880
14080
14290
14500
14700
14910
15110
15320
15530
15730
15940
16150
16350
16560
16770
16970
17180
17390
17590
17800
18010
18210
18420
18630
18880
19200
19520
19850
20170
20490
20810
21130
21450
21770
22090
22420
22740
23060
23380
23700
24020
24340
24660
24990
25310
25630
25950
26270
26590
26910
27240
27560
27880
28200
28520
28840
29160
29480
29810
30130
30450
30770
31090
31410
31970
32770
33570
34380
35180
35980
36790
37590
38390
39200
40000
40800
41630
42490
43340
44200
45050
45910
46770
47620
48480
49330
50190
51040
51900
52760
53610
54470
55320
56180
57040
57890
58750
59600
60460
61310
62170
63030
63880
64740
65590
66450
67300
68160
69020
69870
70730
71580
72440
73290
74150
75010
75860
76720
77570
78430
79280
80140
81000
81850
82710
83560
84850
86560
88270
89980
91690
93400
95760
98210
100650
103100
105540
107990
110430
112880
115320
117770
120210
122660
125100
127550
129990
132440
134880
137330
139770
142220
144660
147110
149550
152000
154440
156890
159330
161780
164220
166670
169110
171560
178920
181590
184260
186930
189600
192270
194940
197610
200280
202950
205620
208290
210960
213630
216300
218970
221640
224310
226980
229650
232320
234990
237660
240330
243000
245670
248340
251010
253680
256350
259020
261690
264360
267030
269700
272370
275040
277840
280650
283450
286260
291560
294370
297170
299980
302780
305590
308390
311200
314000
316810
319610
322420
325220
328030
330830
333640
336440
339250
342050
344860
347660
350470
353270
356080
358880
361690
364490
367300
370100
372910
375710
378520
381320
384130
386930
389740
392540
395350
398150
400960
403760
406570
409370
412180
414980
417790
420590
423400
426200
429010
431810
435890
440380
444860
449350
453840
458330
462820
467300
471790
476280
480770
485260
512120
519150
523690
528220
532760
537300
541830
546370
550900
555440
559980
564510
569050
573580
578120
582660
587190
591730
596260
600800
605340
609870
614410
618940
623480
628020
632550
637090
641620
646160
650700
655230
659770
664300
668840
673380
677910
682450
686980
691520
696060
700590
705130
709660
714200
718740
723270
727810
732340
736880
741420
745950
750490
755020
759560
764100
768630
773170
777700
782240
786780
791310
795850
800380
804920
809460
813990
818530
823060
827600
832140
836670
841210
845740
850280
854820
859350
863890
868420
872960
877500
882030
886570
891100
895640
900180
904710
909250
913780
918320
922860
927390
931930
936460
941000
945540
950070
954610
959140
963680
968220
972750
977290
981820
986360
990900
995430
999970
1004500
1009040
1013580
1018110
1022650
1027180
1031720
1036260
1040790
1045330
1049860
1054400
1058940
1063470
1068010
1072540
1077080
1081740
1086420
1091100
1095780
1100460
1105140
1109820
1114500
1119180
1123860
1128540
1133220
1137900
1142580
1147260
1151940
1156620
1161300
1165980
1170660
1175340
1180020
1184700
1189380
1194060
1198740
1203420
1208100
1212780
1217460
1222140
1226820
1231500
1236180
1240860
1245540
1250220
1254900
1259580
1264260
1268940
1273620
1278300
1282980
1289640
1296470
1303290
1310120
1316940
1323770
1330590
1337420
1344240
1351070
1357890
1364720
1371540
1378370
1385190
1392020
1398840
1405670
1412490
1419320
1426140
1432970
1439790
1446620
1453440
1460270
1467090
1473920
1480740
1487570
1494390
1501220
1508040
1514870
1521690
1528520
1535340
1542170
1548990
1552400