1060
1170
1270
1370
1480
1580
1680
1790
1890
1990
2100
2200
2300
2410
2510
2610
2710
2820
2920
3020
3130
3230
3330
3440
3540
3640
3750
3850
3950
4060
4160
4260
4420
4620
4830
5040
5240
5450
5660
5860
6070
6280
6480
6690
6900
7100
7310
7520
7720
7930
8140
8340
8550
8760
8960
9170
9380
9580
9790
10000
10200
10410
10610
10820
11030
11230
11440
11650
11850
12060
12270
12470
12680
12890
13090
13300
13510
13710
13920
14130
14330
14540
14750
14950
15160
15370
15570
15780
15990
16190
16400
16600
16810
17020
17220
17430
17640
17840
18050
18260
18460
18670
18950
19270
19590
19910
20240
20560
20880
21200
21520
21840
22160
22480
22810
23130
23450
23770
24090
24410
24730
25050
25380
25700
26020
26340
26660
26980
27300
27630
27950
28270
28600
28940
29280
29630
29970
30310
30650
31000
31340
31830
32690
33540
34400
35260
36110
36970
37820
38680
39540
40390
41250
42100
42960
43810
44670
45530
46380
47240
48090
48950
49800
50660
51520
52370
53230
54080
54940
55790
56650
57510
58360
59220
60070
60930
61780
62640
63500
64350
65210
66060
67350
69060
70770
72480
74190
75900
77620
79330
81040
82750
84460
86170
87880
89600
91310
93020
95210
97660
100100
102550
104990
107440
109880
112330
114770
117220
119660
122110
124550
127000
129440
131890
134330
136780
139220
141670
144110
146560
151090
153740
156400
159050
161710
164360
167020
169670
172330
174980
177640
180290
182950
185600
188260
190910
193570
196220
198880
201530
204190
206840
209500
212150
214810
217460
220120
222770
225430
228080
230740
233390
236050
238700
241360
244010
246670
249460
252250
255040
257830
263120
265910
268700
271490
274280
277070
279860
282650
285440
288230
291020
293810
296600
299390
302180
304970
307760
310550
313340
316130
318920
321710
324500
327290
330080
332870
335660
338450
341240
344030
346820
349610
352400
355190
357980
360770
363560
366350
369140
371930
374720
377510
380300
383090
385880
388670
391460
394250
397040
399830
402620
405410
408200
410990
413780
416570
419360
422150
424940
427730
430520
433800
438260
465100
472110
476620
481130
485640
490160
494670
499180
503690
508200
512720
517230
521740
526250
530760
535280
539790
544300
548810
553320
557840
562350
566860
571370
575880
580400
584910
589420
593930
598440
602960
607470
611980
616490
621000
625520
630030
634540
639050
643560
648080
652590
657100
661610
666120
670640
675150
679660
684170
688680
693200
697710
702220
706730
711240
715760
720270
724780
729290
733800
738320
742830
747340
751850
756360
760880
765390
769900
774410
778920
783440
787950
792460
796970
801480
806000
810510
815020
819530
824040
828560
833070
837580
842090
846600
851120
855630
860140
864650
869160
873680
878190
882700
887210
891720
896240
900750
905260
909770
914280
918800
923310
927820
932330
936840
941360
945870
950380
954890
959400
963920
968430
972940
977450
981960
986480
990990
995500
1000010
1004520
1009040
1013550
1018060
1022570
1027080
1031720
1036370
1041030
1045680
1050340
1055000
1059650
1064310
1068960
1073620
1078280
1082930
1087590
1092240
1096900
1101560
1106210
1110870
1115520
1120180
1124840
1129490
1134150
1138800
1143460
1148120
1152770
1157430
1162080
1166740
1171400
1176050
1180710
1185360
1190020
1194680
1199330
1203990
1208640
1213300
1217960
1222610
1227270
1231920
1236580
1241240
1245890
1250550
1255200
1259860
1264520
1269170
1273830
1278480
1283140
1289840
1296630
1303420
1310210
1317000
1323790
1330580
1337370
1344160
1350950
1357740
1364530
1371320
1378110
1384900
1391690
1398480
1405270
1412060
1418850
1425640
1432430
1439220
1446010
1452800
1459590
1466380
1473170
1476570