1040
1240
1440
1640
1830
2030
2230
2430
2630
2830
3020
3220
3420
3620
3820
4020
4220
4410
4610
4810
5010
5210
5410
5600
5800
6000
6200
6400
6600
6800
6990
7190
7390
7590
7790
7990
8180
8380
8580
8780
8980
9180
9380
9570
9770
9970
10170
10370
10570
10760
10960
11160
11360
11560
11760
11960
12150
12350
12550
12750
12950
13150
13340
13540
13740
13940
14140
14340
14530
14730
14930
15130
15330
15530
15730
15920
16120
16320
16530
16740
16950
17160
17370
17590
17800
18010
18220
18430
18650
18920
19250
19580
19910
20240
20570
20900
21230
21560
21890
22220
22550
22880
23210
23540
23870
24200
24520
24850
25180
25510
25840
26170
26500
26830
27160
27490
27820
28150
28480
28810
29140
29470
29800
30130
30460
30790
31120
31450
32490
34140
35790
37440
39080
40730
42380
44030
45680
47330
48980
50620
52270
53920
55570
57220
58870
60440
62010
63570
65140
66700
68270
69830
71400
72960
74530
76090
77650
79220
80780
82350
83910
85480
87040
88610
90170
91730
95250
97700
100140
102590
105030
107480
109920
112370
114810
117260
119700
122150
124590
127040
129480
131930
134370
136820
139260
141710
144150
146600
149040
151490
153930
156380
158820
161270
163710
166160
168600
171050
173490
175940
178380
180830
183270
185850
188430
191010
193590
198670
201250
203830
206410
208990
211570
214150
216730
219310
221890
224470
227050
229630
232210
234790
237370
239950
242530
245110
247690
250270
252850
255430
258010
260590
263170
265750
268330
270910
273490
276070
278650
281230
283810
286390
288970
291550
294130
296710
299290
301870
304450
307030
309610
312190
314770
317350
319930
322510
325090
327670
330250
332830
335410
337990
340570
343150
345730
348310
350890
353470
356050
358630
387100
392240
394880
397520
400160
402800
405440
408080
410720
413360
416000
418640
421280
423920
426560
429200
431840
434480
437120
439760
442400
446060
450280
454510
458730
462960
467180
471400
475630
479850
484080
488300
492520
496750
500970
505200
509420
513640
517870
522090
526320
530540
534760
538990
543210
547440
551660
555880
560110
564330
568560
572780
577000
581230
585450
589680
593900
598120
602350
606570
610800
615020
619240
623470
627690
631920
636140
640360
644590
648810
653040
657260
661480
665710
669930
674160
678380
682600
686830
691050
695280
699500
703720
707950
712170
716400
720620
724840
729070
733290
737520
741740
745960
750190
754410
758640
762860
767080
771310
775530
779760
783980
788200
792430
796650
800880
805100
809320
813550
817770
822000
826220
830440
834670
838890
843120
847340
851560
855790
860010
864240
868460
872680
876910
881130
885480
889840
894210
898580
902950
907320
911680
916050
920420
924790
929160
933520
937890
942260
946630
951000
955360
959730
964100
968470
972840
977200
981570
985940
990310
994680
999040
1003410
1007780
1012150
1016520
1020880
1025250
1029620
1033990
1038360
1042720
1047090
1051460
1055830
1060200
1064560
1068930
1073300
1077670
1082040
1086400
1090770
1095140
1099510
1103880
1108240
1112610
1116980
1121350
1125720
1130080
1134450
1138820
1143190
1147560
1151920
1156290
1160660
1165030
1169400
1173760
1178130
1182500
1186870
1191240
1195600
1199970
1204340
1208710
1213080
1217440
1221810
1226180
1230550
1234920
1239280
1243650
1245840