1040
1240
1440
1630
1830
2030
2230
2430
2630
2820
3020
3220
3420
3620
3820
4020
4210
4410
4610
4810
5010
5210
5400
5600
5800
6000
6200
6400
6600
6790
6990
7190
7390
7590
7790
7980
8180
8380
8580
8780
8980
9180
9370
9570
9770
9970
10170
10370
10560
10760
10960
11160
11360
11560
11760
11950
12150
12350
12550
12750
12950
13150
13360
13580
13790
14000
14210
14420
14630
14850
15060
15270
15480
15690
15910
16120
16330
16540
16750
16970
17180
17390
17600
17810
18030
18240
18450
18660
18950
19270
19600
19930
20260
20590
20920
21250
21580
21910
22240
22570
22900
23230
23560
23890
24220
24550
24880
25210
25540
25870
26200
26690
27350
28010
28670
29330
29990
30650
31310
32550
34200
35850
37500
39150
40800
42440
44090
45740
47320
48880
50450
52010
53580
55140
56710
58270
59840
61400
62960
64530
66090
67660
69220
70790
72350
73920
75480
77050
78610
81630
83350
85060
86770
88480
90190
91900
93620
96060
98510
100950
103400
105840
108290
110730
113180
115620
118070
120510
122960
125400
127850
130290
132740
135180
137630
140070
142520
144960
147410
149850
152300
154740
157190
159630
162080
164520
167100
169680
172260
174840
179920
182500
185080
187660
190240
192820
195400
197980
200560
203140
205720
208300
210880
213460
216040
218620
221200
223780
226360
228940
231520
234100
236680
239260
241840
244420
247000
249580
252160
254740
257320
259900
262480
265060
267640
270220
272800
275380
277960
280540
283120
285700
288280
290860
293440
296020
298600
301180
303760
306340
308920
311500
314080
316660
319240
321820
324400
326980
329560
332140
334720
337300
339880
368350
373490
376130
378770
381410
384050
386690
389330
391970
394610
397250
399890
402530
405170
407810
410450
413090
415730
418370
421010
423650
426290
428930
431570
434210
436850
439490
442130
445630
449850
454080
458300
462520
466750
470970
475200
479420
483640
487870
492090
496320
500540
504760
508990
513210
517440
521660
525880
530110
534330
538560
542780
547000
551230
555450
559680
563900
568120
572350
576570
580800
585020
589240
593470
597690
601920
606140
610360
614590
618810
623040
627260
631480
635710
639930
644160
648380
652600
656830
661050
665280
669500
673720
677950
682170
686400
690620
694840
699070
703290
707520
711740
715960
720190
724410
728640
732860
737080
741310
745530
749760
753980
758200
762430
766650
770880
775100
779320
783550
787770
792000
796220
800440
804670
808890
813120
817340
821560
825790
830010
834240
838460
842680
846910
851130
855480
859840
864210
868580
872950
877320
881680
886050
890420
894790
899160
903520
907890
912260
916630
921000
925360
929730
934100
938470
942840
947200
951570
955940
960310
964680
969040
973410
977780
982150
986520
990880
995250
999620
1003990
1008360
1012720
1017090
1021460
1025830
1030200
1034560
1038930
1043300
1047670
1052040
1056400
1060770
1065140
1069510
1073880
1078240
1082610
1086980
1091350
1095720
1100080
1104450
1108820
1113190
1117560
1121920
1126290
1130660
1135030
1139400
1143760
1148130
1152500
1156870
1161240
1165600
1169970
1174340
1178710
1183080
1187440
1191810
1196180
1200550
1204920
1209280
1213650
1215840