1040
1240
1430
1630
1830
2030
2230
2430
2630
2820
3020
3220
3420
3620
3820
4010
4210
4410
4610
4810
5010
5210
5400
5600
5800
6000
6200
6400
6590
6790
6990
7190
7390
7590
7780
7980
8180
8380
8580
8780
8980
9170
9370
9570
9780
9990
10200
10410
10620
10840
11050
11260
11470
11680
11900
12110
12320
12530
12740
12960
13170
13380
13590
13800
14020
14230
14440
14650
14860
15070
15290
15500
15710
15920
16130
16350
16560
16770
16980
17190
17410
17620
17830
18040
18250
18470
18680
18970
19300
19630
19960
20290
20620
20950
21440
22100
22760
23420
24080
24740
25400
26060
26720
27380
28040
28700
29360
30020
30670
31330
32620
34190
35760
37320
38890
40450
42020
43580
45150
46710
48280
49840
51400
52970
54530
56100
57660
59230
60790
62360
63920
65480
68510
70220
71930
73640
75350
77070
78780
80490
82200
83910
85620
87340
89050
90760
92470
94430
96870
99320
101760
104210
106650
109100
111540
113990
116430
118880
121320
123770
126210
128660
131100
133550
135990
138440
140880
143330
145770
148350
150930
153510
156090
161170
163750
166330
168910
171490
174070
176650
179230
181810
184390
186970
189550
192130
194710
197290
199870
202450
205030
207610
210190
212770
215350
217930
220510
223090
225670
228250
230830
233410
235990
238570
241150
243730
246310
248890
251470
254050
256630
259210
261790
264370
266950
269530
272110
274690
277270
279850
282430
285010
287590
290170
292750
295330
297910
300490
303070
305650
308230
310810
313390
315970
318550
321130
349600
354740
357380
360020
362660
365300
367940
370580
373220
375860
378500
381140
383780
386420
389060
391700
394340
396980
399620
402260
404900
407540
410180
412820
415460
418100
420740
423380
426020
428660
431300
433940
436580
439220
441860
445200
449420
453640
457870
462090
466320
470540
474760
478990
483210
487440
491660
495880
500110
504330
508560
512780
517000
521230
525450
529680
533900
538120
542350
546570
550800
555020
559240
563470
567690
571920
576140
580360
584590
588810
593040
597260
601480
605710
609930
614160
618380
622600
626830
631050
635280
639500
643720
647950
652170
656400
660620
664840
669070
673290
677520
681740
685960
690190
694410
698640
702860
707080
711310
715530
719760
723980
728200
732430
736650
740880
745100
749320
753550
757770
762000
766220
770440
774670
778890
783120
787340
791560
795790
800010
804240
808460
812680
816910
821130
825480
829840
834210
838580
842950
847320
851680
856050
860420
864790
869160
873520
877890
882260
886630
891000
895360
899730
904100
908470
912840
917200
921570
925940
930310
934680
939040
943410
947780
952150
956520
960880
965250
969620
973990
978360
982720
987090
991460
995830
1000200
1004560
1008930
1013300
1017670
1022040
1026400
1030770
1035140
1039510
1043880
1048240
1052610
1056980
1061350
1065720
1070080
1074450
1078820
1083190
1087560
1091920
1096290
1100660
1105030
1109400
1113760
1118130
1122500
1126870
1131240
1135600
1139970
1144340
1148710
1153080
1157440
1161810
1166180
1170550
1174920
1179280
1183650
1185840