1040
1230
1430
1630
1830
2030
2230
2430
2620
2820
3020
3220
3420
3620
3810
4010
4210
4410
4610
4810
5010
5200
5400
5600
5800
6000
6200
6400
6610
6830
7040
7250
7460
7670
7880
8100
8310
8520
8730
8940
9160
9370
9580
9790
10000
10220
10430
10640
10850
11060
11280
11490
11700
11910
12120
12340
12550
12760
12970
13180
13400
13610
13820
14030
14240
14460
14670
14880
15090
15300
15510
15730
15940
16150
16360
16570
16790
17100
17530
17950
18380
18830
19490
20150
20810
21470
22130
22790
23450
24110
24770
25420
26080
26740
27370
28000
28630
29250
29880
30500
31130
32020
33590
35150
36710
38280
39840
41410
42970
44540
46100
47670
49230
50800
52360
55380
57100
58810
60520
62230
63940
65650
67360
69080
70790
72500
74210
75920
77630
79340
81060
82770
84480
86190
87900
89610
91330
93040
95240
97680
100130
102570
105020
107460
109910
112350
114800
117240
119690
122130
124580
127020
129600
132180
134760
137340
142420
145000
147580
150160
152740
155320
157900
160480
163060
165640
168220
170800
173380
175960
178540
181120
183700
186280
188860
191440
194020
196600
199180
201760
204340
206920
209500
212080
214660
217240
219820
222400
224980
227560
230140
232720
235300
237880
240460
243040
245620
248200
250780
253360
255940
258520
261100
263680
266260
268840
271420
274000
276580
279160
281740
284320
286900
289480
292060
294640
297220
299800
302380
330850
335990
338630
341270
343910
346550
349190
351830
354470
357110
359750
362390
365030
367670
370310
372950
375590
378230
380870
383510
386150
388790
391430
394070
396710
399350
401990
404630
407270
409910
412550
415190
417830
420470
423110
425750
428390
431030
433670
436310
438950
441590
444760
448990
453210
457440
461660
465880
470110
474330
478560
482780
487000
491230
495450
499680
503900
508120
512350
516570
520800
525020
529240
533470
537690
541920
546140
550360
554590
558810
563040
567260
571480
575710
579930
584160
588380
592600
596830
601050
605280
609500
613720
617950
622170
626400
630620
634840
639070
643290
647520
651740
655960
660190
664410
668640
672860
677080
681310
685530
689760
693980
698200
702430
706650
710880
715100
719320
723550
727770
732000
736220
740440
744670
748890
753120
757340
761560
765790
770010
774240
778460
782680
786910
791130
795480
799840
804210
808580
812950
817320
821680
826050
830420
834790
839160
843520
847890
852260
856630
861000
865360
869730
874100
878470
882840
887200
891570
895940
900310
904680
909040
913410
917780
922150
926520
930880
935250
939620
943990
948360
952720
957090
961460
965830
970200
974560
978930
983300
987670
992040
996400
1000770
1005140
1009510
1013880
1018240
1022610
1026980
1031350
1035720
1040080
1044450
1048820
1053190
1057560
1061920
1066290
1070660
1075030
1079400
1083760
1088130
1092500
1096870
1101240
1105600
1109970
1114340
1118710
1123080
1127440
1131810
1136180
1140550
1144920
1149280
1153650
1155840