1030
1230
1430
1630
1830
2030
2230
2420
2620
2820
3030
3240
3450
3660
3870
4090
4300
4510
4720
4930
5150
5360
5570
5780
5990
6210
6420
6630
6840
7050
7270
7480
7690
7900
8110
8320
8540
8750
8960
9170
9380
9600
9810
10020
10230
10440
10660
10870
11080
11290
11500
11720
11930
12140
12350
12560
12780
12990
13200
13410
13730
14150
14580
15000
15430
15850
16270
16700
17120
17540
17970
18390
18860
19520
20170
20830
21490
22120
22750
23380
24000
24630
25250
25880
26510
27130
27760
28380
29010
29630
30260
30890
31510
32980
34540
36110
37670
39230
42260
43970
45680
47390
49100
50820
52530
54240
55950
57660
59370
61090
62800
64510
66220
67930
69640
71350
73070
74780
76490
78200
79910
81620
83330
85050
86760
88470
90180
91890
93600
96050
98490
100940
103380
105830
108270
110850
113430
116010
118590
123670
126250
128830
131410
133990
136570
139150
141730
144310
146890
149470
152050
154630
157210
159790
162370
164950
167530
170110
172690
175270
177850
180430
183010
185590
188170
190750
193330
195910
198490
201070
203650
206230
208810
211390
213970
216550
219130
221710
224290
226870
229450
232030
234610
237190
239770
242350
244930
247510
250090
252670
255250
257830
260410
262990
265570
268150
270730
273310
275890
278470
281050
283630
312100
317240
319880
322520
325160
327800
330440
333080
335720
338360
341000
343640
346280
348920
351560
354200
356840
359480
362120
364760
367400
370040
372680
375320
377960
380600
383240
385880
388520
391160
393800
396440
399080
401720
404360
407000
409640
412280
414920
417560
420200
422840
425480
428120
430760
433400
436040
438680
441320
444330
448560
452780
457000
461230
465450
469680
473900
478120
482350
486570
490800
495020
499240
503470
507690
511920
516140
520360
524590
528810
533040
537260
541480
545710
549930
554160
558380
562600
566830
571050
575280
579500
583720
587950
592170
596400
600620
604840
609070
613290
617520
621740
625960
630190
634410
638640
642860
647080
651310
655530
659760
663980
668200
672430
676650
680880
685100
689320
693550
697770
702000
706220
710440
714670
718890
723120
727340
731560
735790
740010
744240
748460
752680
756910
761130
765480
769840
774210
778580
782950
787320
791680
796050
800420
804790
809160
813520
817890
822260
826630
831000
835360
839730
844100
848470
852840
857200
861570
865940
870310
874680
879040
883410
887780
892150
896520
900880
905250
909620
913990
918360
922720
927090
931460
935830
940200
944560
948930
953300
957670
962040
966400
970770
975140
979510
983880
988240
992610
996980
1001350
1005720
1010080
1014450
1018820
1023190
1027560
1031920
1036290
1040660
1045030
1049400
1053760
1058130
1062500
1066870
1071240
1075600
1079970
1084340
1088710
1093080
1097440
1101810
1106180
1110550
1114920
1119280
1123650
1125840