1130
1350
1560
1770
1980
2190
2410
2620
2830
3040
3250
3470
3680
3890
4100
4310
4530
4740
4950
5160
5370
5590
5800
6010
6220
6430
6650
6860
7070
7280
7490
7710
7920
8130
8340
8550
8760
8980
9190
9400
9610
9820
10040
10350
10780
11200
11630
12050
12470
12900
13320
13750
14170
14590
15020
15440
15870
16290
16710
17140
17540
17950
18350
18750
19380
20000
20630
21260
21880
22510
23130
23760
24380
25010
25640
26260
26890
27510
28140
28770
29390
30600
31290
32560
34270
35980
37690
39400
41110
42830
44540
46250
47960
49670
51380
53090
54810
56520
58230
59940
61650
63360
65080
66790
68500
70210
71920
73630
75340
77060
78770
80480
82190
83900
85610
87320
89040
90750
92550
94680
97260
99840
104920
107500
110080
112660
115240
117820
120400
122980
125560
128140
130720
133300
135880
138460
141040
143620
146200
148780
151360
153940
156520
159100
161680
164260
166840
169420
172000
174580
177160
179740
182320
184900
187480
190060
192640
195220
197800
200380
202960
205540
208120
210700
213280
215860
218440
221020
223600
226180
228760
231340
233920
236500
239080
241660
244240
246820
249400
251980
254560
257140
259720
262300
264880
293350
298490
301130
303770
306410
309050
311690
314330
316970
319610
322250
324890
327530
330170
332810
335450
338090
340730
343370
346010
348650
351290
353930
356570
359210
361850
364490
367130
369770
372410
375050
377690
380330
382970
385610
388250
390890
393530
396170
398810
401450
404090
406730
409370
412010
414650
417290
419930
422570
425210
427850
430490
433130
435770
438410
441050
443900
448120
452350
456570
460800
465020
469240
473470
477690
481920
486140
490360
494590
498810
503040
507260
511480
515710
519930
524160
528380
532600
536830
541050
545280
549500
553720
557950
562170
566400
570620
574840
579070
583290
587520
591740
595960
600190
604410
608640
612860
617080
621310
625530
629760
633980
638200
642430
646650
650880
655100
659320
663550
667770
672000
676220
680440
684670
688890
693120
697340
701560
705790
710010
714240
718460
722680
726910
731130
735480
739840
744210
748580
752950
757320
761680
766050
770420
774790
779160
783520
787890
792260
796630
801000
805360
809730
814100
818470
822840
827200
831570
835940
840310
844680
849040
853410
857780
862150
866520
870880
875250
879620
883990
888360
892720
897090
901460
905830
910200
914560
918930
923300
927670
932040
936400
940770
945140
949510
953880
958240
962610
966980
971350
975720
980080
984450
988820
993190
997560
1001920
1006290
1010660
1015030
1019400
1023760
1028130
1032500
1036870
1041240
1045600
1049970
1054340
1058710
1063080
1067440
1071810
1076180
1080550
1084920
1089280
1093650
1095840