1150
1360
1570
1790
2000
2210
2420
2630
2850
3060
3270
3480
3690
3910
4120
4330
4540
4750
4970
5180
5390
5600
5810
6030
6240
6450
6660
6980
7400
7830
8250
8680
9100
9520
9950
10370
10790
11220
11640
12070
12490
12910
13340
13760
14170
14570
14970
15370
15780
16180
16580
16980
17390
17790
18190
18590
19130
19760
20390
21010
21640
22260
22890
23520
24140
25350
26040
26720
27400
28090
28770
29460
30140
30830
31510
33120
34840
36550
38260
39970
41680
43390
45100
46820
48530
50240
51950
53660
55370
57080
58800
60510
62220
63930
65640
67350
69070
70780
72490
74200
75910
77620
79430
81230
83040
84850
86650
88750
91330
93910
96490
99070
101650
104230
106810
109390
111970
114550
117130
119710
122290
124870
127450
130030
132610
135190
137770
140350
142930
145510
148090
150670
153250
155830
158410
160990
163570
166150
168730
171310
173890
176470
179050
181630
184210
186790
189370
191950
194530
197110
199690
202270
204850
207430
210010
212590
215170
217750
220330
222910
225490
228070
230650
233230
235810
238390
240970
243550
246130
274600
279740
282380
285020
287660
290300
292940
295580
298220
300860
303500
306140
308780
311420
314060
316700
319340
321980
324620
327260
329900
332540
335180
337820
340460
343100
345740
348380
351020
353660
356300
358940
361580
364220
366860
369500
372140
374780
377420
380060
382700
385340
387980
390620
393260
395900
398540
401180
403820
406460
409100
411740
414380
417020
419660
422300
424940
427580
430220
432860
435500
438140
440780
443470
447690
451920
456140
460360
464590
468810
473040
477260
481480
485710
489930
494160
498380
502600
506830
511050
515280
519500
523720
527950
532170
536400
540620
544840
549070
553290
557520
561740
565960
570190
574410
578640
582860
587080
591310
595530
599760
603980
608200
612430
616650
620880
625100
629320
633550
637770
642000
646220
650440
654670
658890
663120
667340
671560
675790
680010
684240
688460
692680
696910
701130
705480
709840
714210
718580
722950
727320
731680
736050
740420
744790
749160
753520
757890
762260
766630
771000
775360
779730
784100
788470
792840
797200
801570
805940
810310
814680
819040
823410
827780
832150
836520
840880
845250
849620
853990
858360
862720
867090
871460
875830
880200
884560
888930
893300
897670
902040
906400
910770
915140
919510
923880
928240
932610
936980
941350
945720
950080
954450
958820
963190
967560
971920
976290
980660
985030
989400
993760
998130
1002500
1006870
1011240
1015600
1019970
1024340
1028710
1033080
1037440
1041810
1046180
1050550
1054920
1059280
1063650
1065840